State,Year,Overall Homeless,Sheltered Total Homeless,Unsheltered Homeless,Homeless Individuals,Sheltered Total Homeless Individuals,Unsheltered Homeless Individuals,Homeless People in Families,Sheltered Total Homeless People in Families,Unsheltered Homeless People in Families,Homeless Family Households,Sheltered Total Homeless Family Households,Unsheltered Homeless Family Households,Chronically Homeless,Sheltered Total Chronically Homeless,Unsheltered Chronically Homeless,Chronically Homeless Individuals,Sheltered Total Chronically Homeless Individuals,Unsheltered Chronically Homeless Individuals,Chronically Homeless People in Families,Sheltered Total Chronically Homeless People in Families,Unsheltered Chronically Homeless People in Families,Homeless Veterans,Sheltered Total Homeless Veterans,Unsheltered Homeless Veterans
AK,2018,2016,1707,309,1434,1173,261,582,534,48,193,534,18,357,275,82,323,243,80,34,32,2,132,110,22
AL,2018,3434,2424,1010,2570,1693,877,864,731,133,280,731,37,540,341,199,472,277,195,68,64,4,339,267,72
AR,2018,2712,1455,1257,2280,1081,1199,432,374,58,147,374,20,466,153,313,453,153,300,13,0,13,251,150,101
AZ,2018,9865,5799,4066,7259,3354,3905,2606,2445,161,792,2445,47,1774,589,1185,1740,564,1176,34,25,9,893,540,353
CA,2018,129972,40429,89543,109008,23635,85373,20964,16794,4170,6702,16794,1330,34332,5650,28682,32668,4857,27811,1664,793,871,10836,3622,7214
CO,2018,10857,6528,4329,7607,4302,3305,3250,2226,1024,990,2226,301,2738,1160,1578,2571,1099,1472,167,61,106,1073,657,416
CT,2018,3976,3395,581,2280,1699,581,1696,1696,0,553,1696,0,341,238,103,298,195,103,43,43,0,190,177,13
DC,2018,6904,6304,600,3770,3170,600,3134,3134,0,924,3134,0,1781,1481,300,1586,1286,300,195,195,0,306,246,60
DE,2018,1082,989,93,708,615,93,374,374,0,125,374,0,189,170,19,162,143,19,27,27,0,70,67,3
FL,2018,31030,17637,13393,21443,10686,10757,9587,6951,2636,2757,6951,687,5302,1448,3854,4543,1237,3306,759,211,548,2543,1582,961
GA,2018,9499,5900,3599,6943,3557,3386,2556,2343,213,812,2343,87,1080,324,756,992,238,754,88,86,2,705,429,276
GU,2018,854,127,727,209,22,187,645,105,540,120,105,95,66,0,66,12,0,12,54,0,54,14,4,10
HI,2018,6530,3055,3475,4131,1215,2916,2399,1840,559,623,1840,148,1714,258,1456,1529,202,1327,185,56,129,532,240,292
IA,2018,2749,2508,241,1711,1491,220,1038,1017,21,325,1017,5,270,206,64,215,151,64,55,55,0,196,177,19
ID,2018,2012,1289,723,1297,772,525,715,517,198,209,517,51,324,166,158,293,138,155,31,28,3,215,146,69
IL,2018,10643,8701,1942,6752,4876,1876,3891,3825,66,1223,3825,20,1625,921,704,1470,778,692,155,143,12,804,574,230
IN,2018,5258,4679,579,3776,3205,571,1482,1474,8,481,1474,3,449,402,47,428,381,47,21,21,0,539,491,48
KS,2018,2216,1859,357,1443,1097,346,773,762,11,217,762,2,300,191,109,278,169,109,22,22,0,195,167,28
KY,2018,3688,2820,868,2735,1956,779,953,864,89,286,864,24,369,279,90,349,262,87,20,17,3,369,308,61
LA,2018,3059,1994,1065,2540,1502,1038,519,492,27,164,492,8,476,156,320,467,147,320,9,9,0,406,362,44
MA,2018,20068,19083,985,6811,5828,983,13257,13255,2,4149,13255,1,2122,1803,319,1373,1054,319,749,749,0,985,934,51
MD,2018,7144,5380,1764,4914,3382,1532,2230,1998,232,699,1998,59,1409,720,689,1259,608,651,150,112,38,574,470,104
ME,2018,2516,2418,98,1450,1359,91,1066,1059,7,341,1059,2,215,214,1,198,197,1,17,17,0,119,106,13
MI,2018,8351,7452,899,5209,4390,819,3142,3062,80,965,3062,27,861,677,184,756,583,173,105,94,11,693,646,47
MN,2018,7243,6122,1121,3993,3019,974,3250,3103,147,979,3103,44,1066,712,354,970,631,339,96,81,15,301,250,51
MO,2018,5883,4669,1214,3776,2634,1142,2107,2035,72,706,2035,22,1043,655,388,819,454,365,224,201,23,507,415,92
MP,2018,1044,22,1022,357,22,335,687,0,687,151,0,151,0,0,0,0,0,0,0,0,0,0,0,0
MS,2018,1352,731,621,1024,461,563,328,270,58,112,270,17,279,60,219,255,40,215,24,20,4,102,37,65
MT,2018,1405,1032,373,983,682,301,422,350,72,134,350,22,200,112,88,183,97,86,17,15,2,198,125,73
NC,2018,9268,6818,2450,6451,4521,1930,2817,2297,520,897,2297,172,1293,731,562,1175,674,501,118,57,61,884,735,149
ND,2018,542,494,48,467,419,48,75,75,0,27,75,0,76,76,0,69,69,0,7,7,0,9,9,0
NE,2018,2421,2277,144,1745,1608,137,676,669,7,236,669,2,455,398,57,380,325,55,75,73,2,171,168,3
NH,2018,1450,1296,154,835,693,142,615,603,12,215,603,5,161,98,63,141,85,56,20,13,7,143,136,7
NJ,2018,9398,7775,1623,6048,4470,1578,3350,3305,45,1093,3305,13,1286,538,748,1212,464,748,74,74,0,555,470,85
NM,2018,2551,1755,796,1949,1231,718,602,524,78,201,524,27,891,540,351,814,487,327,77,53,24,290,177,113
NV,2018,7544,3305,4239,7058,2873,4185,486,432,54,167,432,16,648,275,373,637,264,373,11,11,0,723,530,193
NY,2018,91897,87603,4294,39827,35562,4265,52070,52041,29,16368,52041,12,7195,5570,1625,5829,4206,1623,1366,1364,2,1224,1184,40
OH,2018,10249,8934,1315,6929,5733,1196,3320,3201,119,1015,3201,35,730,425,305,700,395,305,30,30,0,749,694,55
OK,2018,3871,2680,1191,2823,1848,975,1048,832,216,327,832,70,908,330,578,804,257,547,104,73,31,313,206,107
OR,2018,14476,5551,8925,11139,4027,7112,3337,1524,1813,1108,1524,606,4321,960,3361,4013,862,3151,308,98,210,1363,600,763
PA,2018,13512,11768,1744,8163,6449,1714,5349,5319,30,1760,5319,9,1408,871,537,1318,785,533,90,86,4,982,910,72
PR,2018,3182,670,2512,2921,580,2341,261,90,171,75,90,44,1091,155,936,1074,151,923,17,4,13,82,18,64
RI,2018,1101,1050,51,747,698,49,354,352,2,121,352,1,264,247,17,233,216,17,31,31,0,103,100,3
SC,2018,3933,2589,1344,3082,1968,1114,851,621,230,273,621,73,686,352,334,671,344,327,15,8,7,415,320,95
SD,2018,1159,874,285,836,598,238,323,276,47,105,276,14,190,134,56,115,67,48,75,67,8,110,89,21
TN,2018,7883,5028,2855,6139,3853,2286,1744,1175,569,526,1175,160,1663,609,1054,1556,559,997,107,50,57,742,556,186
TX,2018,25310,14776,10534,19199,8917,10282,6111,5859,252,1917,5859,72,3404,1514,1890,3269,1379,1890,135,135,0,1935,1142,793
UT,2018,2876,2456,420,1904,1486,418,972,970,2,287,970,1,306,219,87,298,211,87,8,8,0,239,222,17
VA,2018,5975,5060,915,3928,3066,862,2047,1994,53,660,1994,17,897,622,275,812,537,275,85,85,0,485,400,85
VI,2018,486,179,307,415,108,307,71,71,0,26,71,0,307,0,307,307,0,307,0,0,0,24,7,17
VT,2018,1291,1209,82,780,711,69,511,498,13,169,498,4,160,138,22,138,120,18,22,18,4,104,96,8
WA,2018,22304,11683,10621,16424,6519,9905,5880,5164,716,1800,5164,217,6158,1837,4321,5775,1619,4156,383,218,165,1636,770,866
WI,2018,4907,4525,382,2740,2383,357,2167,2142,25,660,2142,9,527,449,78,446,368,78,81,81,0,332,321,11
WV,2018,1243,1060,183,1021,842,179,222,218,4,73,218,1,154,84,70,150,84,66,4,0,4,131,106,25
WY,2018,639,440,199,434,299,135,205,141,64,77,141,21,46,42,4,42,42,0,4,0,4,47,47,0
AK,2017,1845,1551,294,1354,1060,294,491,491,0,165,165,0,257,158,99,216,117,99,41,41,0,124,95,29
AL,2017,3793,2656,1137,2985,1950,1035,808,706,102,262,229,33,363,171,192,344,152,192,19,19,0,269,202,67
AR,2017,2467,1273,1194,2068,937,1131,399,336,63,121,100,21,473,147,326,450,138,312,23,9,14,239,130,109
AZ,2017,8947,5781,3166,6488,3423,3065,2459,2358,101,689,664,25,1552,546,1006,1463,492,971,89,54,35,970,641,329
CA,2017,131532,42636,88896,110260,25022,85238,21272,17614,3658,7083,5836,1247,37033,5235,31798,35541,4430,31111,1492,805,687,11436,3815,7621
CO,2017,10940,7081,3859,7571,4719,2852,3369,2362,1007,993,702,291,2264,977,1287,2126,914,1212,138,63,75,1078,743,335
CT,2017,3388,2972,416,2208,1796,412,1180,1176,4,392,391,1,420,273,147,387,240,147,33,33,0,191,177,14
DC,2017,7473,6576,897,3583,2686,897,3890,3890,0,1166,1166,0,1881,1343,538,1470,932,538,411,411,0,285,250,35
DE,2017,994,936,58,615,563,52,379,373,6,129,127,2,127,102,25,123,98,25,4,4,0,91,85,6
FL,2017,32190,17111,15079,22768,10931,11837,9422,6180,3242,2846,1924,922,5615,1241,4374,4951,1127,3824,664,114,550,2817,1821,996
GA,2017,10174,6651,3523,7422,4102,3320,2752,2549,203,1019,939,80,1028,462,566,963,405,558,65,57,8,712,466,246
GU,2017,852,87,765,215,17,198,637,70,567,117,17,100,64,0,64,20,0,20,44,0,44,24,4,20
HI,2017,7220,3420,3800,4535,1258,3277,2685,2162,523,666,539,127,1800,207,1593,1588,164,1424,212,43,169,615,237,378
IA,2017,2756,2652,104,1500,1396,104,1256,1256,0,382,382,0,199,143,56,170,114,56,29,29,0,171,153,18
ID,2017,2037,1398,639,1309,857,452,728,541,187,211,167,44,436,302,134,391,257,134,45,45,0,228,159,69
IL,2017,10798,8541,2257,6894,4759,2135,3904,3782,122,1228,1181,47,1475,717,758,1355,644,711,120,73,47,864,575,289
IN,2017,5438,4869,569,3623,3082,541,1815,1787,28,576,567,9,537,483,54,486,432,54,51,51,0,615,569,46
KS,2017,2287,1942,345,1423,1083,340,864,859,5,263,262,1,341,251,90,252,166,86,89,85,4,217,177,40
KY,2017,4025,3298,727,3032,2386,646,993,912,81,334,309,25,405,267,138,383,252,131,22,15,7,489,445,44
LA,2017,3305,2330,975,2559,1647,912,746,683,63,231,211,20,618,183,435,609,174,435,9,9,0,383,329,54
MA,2017,17565,16574,991,6267,5288,979,11298,11286,12,3430,3426,4,1914,1555,359,1238,885,353,676,670,6,853,808,45
MD,2017,7247,5511,1736,5077,3509,1568,2170,2002,168,681,635,46,1520,816,704,1436,746,690,84,70,14,536,440,96
ME,2017,2280,2100,180,1352,1244,108,928,856,72,307,286,21,201,201,0,189,189,0,12,12,0,131,120,11
MI,2017,9051,8028,1023,5628,4715,913,3423,3313,110,1060,1026,34,774,538,236,709,482,227,65,56,9,773,713,60
MN,2017,7668,6560,1108,3899,2892,1007,3769,3668,101,1140,1110,30,906,552,354,813,472,341,93,80,13,281,244,37
MO,2017,6037,4885,1152,3768,2770,998,2269,2115,154,749,705,44,1087,723,364,883,525,358,204,198,6,538,449,89
MP,2017,672,24,648,208,11,197,464,13,451,131,3,128,0,0,0,0,0,0,0,0,0,0,0,0
MS,2017,1472,753,719,1100,452,648,372,301,71,111,90,21,72,24,48,61,13,48,11,11,0,57,39,18
MT,2017,1529,985,544,987,633,354,542,352,190,169,117,52,198,75,123,182,73,109,16,2,14,205,125,80
NC,2017,8962,6511,2451,6044,4129,1915,2918,2382,536,911,748,163,1075,396,679,994,359,635,81,37,44,931,732,199
ND,2017,1089,758,331,832,650,182,257,108,149,77,36,41,45,25,20,37,25,12,8,0,8,74,58,16
NE,2017,2501,2381,120,1698,1578,120,803,803,0,266,266,0,375,299,76,361,285,76,14,14,0,174,172,2
NH,2017,1456,1282,174,776,638,138,680,644,36,238,221,17,137,62,75,100,38,62,37,24,13,124,113,11
NJ,2017,8536,7122,1414,5433,4038,1395,3103,3084,19,1018,1011,7,1069,652,417,955,542,413,114,110,4,583,494,89
NM,2017,2482,1686,796,1865,1147,718,617,539,78,191,164,27,814,463,351,712,385,327,102,78,24,248,135,113
NV,2017,7833,3255,4578,7281,2721,4560,552,534,18,186,179,7,512,123,389,502,121,381,10,2,8,832,492,340
NY,2017,89503,84948,4555,37390,32890,4500,52113,52058,55,16297,16281,16,6578,4598,1980,5087,3110,1977,1491,1488,3,1244,1186,58
OH,2017,10095,8786,1309,6688,5494,1194,3407,3292,115,1025,991,34,772,425,347,725,396,329,47,29,18,862,785,77
OK,2017,4199,3084,1115,2824,1992,832,1375,1092,283,480,369,111,660,348,312,578,295,283,82,53,29,349,235,114
OR,2017,13953,5986,7967,10434,4293,6141,3519,1693,1826,1083,540,543,3387,868,2519,3120,768,2352,267,100,167,1251,583,668
PA,2017,14138,12340,1798,8271,6529,1742,5867,5811,56,1946,1930,16,1438,828,610,1372,768,604,66,60,6,963,875,88
PR,2017,3525,1013,2512,3141,800,2341,384,213,171,118,74,44,1078,142,936,1065,142,923,13,0,13,94,30,64
RI,2017,1180,1111,69,802,733,69,378,378,0,106,106,0,240,215,25,240,215,25,0,0,0,95,92,3
SC,2017,3916,2415,1501,2896,1667,1229,1020,748,272,325,254,71,824,236,588,792,226,566,32,10,22,480,321,159
SD,2017,943,772,171,611,452,159,332,320,12,124,121,3,144,112,32,101,81,20,43,31,12,130,123,7
TN,2017,8309,5544,2765,6137,3883,2254,2172,1661,511,655,494,161,1484,571,913,1295,482,813,189,89,100,757,615,142
TX,2017,23548,15055,8493,16708,8714,7994,6840,6341,499,2168,1986,182,3711,1481,2230,3497,1319,2178,214,162,52,2200,1379,821
UT,2017,2852,2574,278,1882,1604,278,970,970,0,281,281,0,185,141,44,163,119,44,22,22,0,220,203,17
VA,2017,6067,5059,1008,4028,3049,979,2039,2010,29,631,620,11,896,531,365,864,501,363,32,30,2,478,384,94
VI,2017,381,74,307,369,62,307,12,12,0,3,3,0,334,27,307,334,27,307,0,0,0,23,6,17
VT,2017,1225,1091,134,697,600,97,528,491,37,179,170,9,127,94,33,111,82,29,16,12,4,94,89,5
WA,2017,21112,12521,8591,14781,6733,8048,6331,5788,543,1993,1823,170,4939,1747,3192,4357,1290,3067,582,457,125,2093,1094,999
WI,2017,5027,4687,340,2645,2317,328,2382,2370,12,743,739,4,434,367,67,342,275,67,92,92,0,329,309,20
WV,2017,1309,1121,188,1032,860,172,277,261,16,95,91,4,206,140,66,188,131,57,18,9,9,137,124,13
WY,2017,873,510,363,622,383,239,251,127,124,96,55,41,68,26,42,14,14,0,54,12,42,63,50,13
AK,2016,1940,1498,442,1527,1089,438,413,409,4,135,134,1,122,94,28,112,84,28,10,10,0,168,112,56
AL,2016,4111,2893,1218,3019,2017,1002,1092,876,216,356,293,63,420,172,248,390,163,227,30,9,21,373,321,52
AR,2016,2463,1616,847,1838,1140,698,625,476,149,191,147,44,503,226,277,417,163,254,86,63,23,222,159,63
AZ,2016,9707,6463,3244,6659,3564,3095,3048,2899,149,917,877,40,1395,468,927,1327,423,904,68,45,23,1036,663,373
CA,2016,118142,39752,78390,97660,23720,73940,20482,16032,4450,6764,5175,1589,31548,4478,27070,29802,3910,25892,1746,568,1178,9612,4012,5600
CO,2016,10550,7611,2939,6450,4352,2098,4100,3259,841,1200,959,241,1829,949,880,1642,883,759,187,66,121,1181,906,275
CT,2016,3902,3229,673,2570,1903,667,1332,1326,6,449,447,2,467,282,185,439,254,185,28,28,0,216,173,43
DC,2016,8350,8032,318,3683,3365,318,4667,4667,0,1491,1491,0,1597,1357,240,1501,1261,240,96,96,0,350,322,28
DE,2016,1070,1019,51,753,702,51,317,317,0,108,108,0,74,72,2,65,63,2,9,9,0,107,103,4
FL,2016,33559,18198,15361,24201,11641,12560,9358,6557,2801,3031,2102,929,5895,1402,4493,5415,1219,4196,480,183,297,2902,1825,1077
GA,2016,12909,7543,5366,9265,4785,4480,3644,2758,886,1145,920,225,1815,470,1345,1658,415,1243,157,55,102,1055,581,474
GU,2016,1085,112,973,227,18,209,858,94,764,158,23,135,55,0,55,15,0,15,40,0,40,21,6,15
HI,2016,7921,3613,4308,4590,1282,3308,3331,2331,1000,805,569,236,1949,137,1812,1659,120,1539,290,17,273,670,264,406
IA,2016,3064,2921,143,1543,1400,143,1521,1521,0,466,466,0,184,137,47,159,112,47,25,25,0,170,154,16
ID,2016,2247,1509,738,1284,886,398,963,623,340,291,197,94,337,160,177,227,99,128,110,61,49,267,202,65
IL,2016,11590,9736,1854,6986,5226,1760,4604,4510,94,1461,1431,30,1024,620,404,937,562,375,87,58,29,949,713,236
IN,2016,5798,5107,691,3824,3158,666,1974,1949,25,609,604,5,589,374,215,534,319,215,55,55,0,663,614,49
KS,2016,2255,1973,282,1228,956,272,1027,1017,10,343,340,3,362,254,108,233,129,104,129,125,4,169,138,31
KY,2016,4237,3531,706,2949,2400,549,1288,1131,157,410,365,45,382,235,147,353,218,135,29,17,12,512,452,60
LA,2016,3994,2853,1141,3176,2069,1107,818,784,34,243,231,12,570,167,403,570,167,403,0,0,0,400,363,37
MA,2016,19608,18848,760,6434,5690,744,13174,13158,16,4381,4374,7,2325,2074,251,1272,1023,249,1053,1051,2,949,915,34
MD,2016,7689,6161,1528,4983,3751,1232,2706,2410,296,866,777,89,1364,844,520,1277,782,495,87,62,25,555,436,119
ME,2016,2241,2121,120,1321,1215,106,920,906,14,297,292,5,217,174,43,199,156,43,18,18,0,146,125,21
MI,2016,9316,8356,960,5803,4973,830,3513,3383,130,1109,1073,36,776,579,197,719,525,194,57,54,3,822,758,64
MN,2016,7341,6452,889,3669,2902,767,3672,3550,122,1065,1034,31,873,718,155,715,570,145,158,148,10,279,248,31
MO,2016,6194,4978,1216,3810,2830,980,2384,2148,236,767,703,64,1136,765,371,891,565,326,245,200,45,575,494,81
MP,2016,0,0,0,0,0,0,0,0,0,0,0,0,0,0,0,0,0,0,0,0,0,0,0,0
MS,2016,1738,889,849,1299,556,743,439,333,106,133,101,32,183,28,155,180,28,152,3,0,3,144,58,86
MT,2016,1418,788,630,844,443,401,574,345,229,172,113,59,137,26,111,117,21,96,20,5,15,165,92,73
NC,2016,9559,7250,2309,6396,4682,1714,3163,2568,595,1041,845,196,1184,638,546,999,527,472,185,111,74,888,730,158
ND,2016,923,707,216,662,509,153,261,198,63,70,58,12,120,41,79,89,41,48,31,0,31,116,63,53
NE,2016,2754,2653,101,1880,1779,101,874,874,0,280,280,0,233,196,37,200,163,37,33,33,0,219,211,8
NH,2016,1366,1223,143,827,695,132,539,528,11,185,181,4,281,216,65,227,164,63,54,52,2,123,119,4
NJ,2016,8895,7461,1434,5540,4187,1353,3355,3274,81,1123,1098,25,822,399,423,704,291,413,118,108,10,556,485,71
NM,2016,2263,1809,454,1556,1127,429,707,682,25,229,223,6,649,378,271,603,342,261,46,36,10,214,150,64
NV,2016,7398,3471,3927,6853,2937,3916,545,534,11,180,176,4,347,62,285,330,45,285,17,17,0,851,437,414
NY,2016,86352,82761,3591,35315,31793,3522,51037,50968,69,15499,15474,25,5368,3299,2069,4112,2063,2049,1256,1236,20,1248,1156,92
OH,2016,10404,9266,1138,6946,5890,1056,3458,3376,82,1079,1061,18,778,439,339,733,403,330,45,36,9,930,845,85
OK,2016,4107,3087,1020,2997,2120,877,1110,967,143,360,313,47,696,405,291,610,329,281,86,76,10,358,260,98
OR,2016,13238,5236,8002,9379,3658,5721,3859,1578,2281,1315,506,809,3460,554,2906,3077,506,2571,383,48,335,1341,603,738
PA,2016,15339,13664,1675,8599,7080,1519,6740,6584,156,2200,2152,48,1325,787,538,1209,673,536,116,114,2,1136,1088,48
PR,2016,4418,1321,3097,3799,899,2900,619,422,197,188,139,49,1772,211,1561,1623,203,1420,149,8,141,146,37,109
RI,2016,1160,1123,37,859,822,37,301,301,0,93,93,0,144,141,3,136,133,3,8,8,0,89,89,0
SC,2016,5051,3361,1690,3758,2340,1418,1293,1021,272,409,329,80,988,448,540,913,395,518,75,53,22,738,452,286
SD,2016,1072,887,185,548,446,102,524,441,83,170,143,27,44,37,7,34,30,4,10,7,3,120,109,11
TN,2016,8779,5773,3006,6652,4202,2450,2127,1571,556,710,534,176,1782,694,1088,1640,613,1027,142,81,61,831,654,177
TX,2016,23122,16214,6908,15959,9315,6644,7163,6899,264,2297,2216,81,3689,1637,2052,3534,1500,2034,155,137,18,1768,1285,483
UT,2016,2807,2571,236,1828,1612,216,979,959,20,298,291,7,190,180,10,168,158,10,22,22,0,335,311,24
VA,2016,6268,5502,766,3959,3245,714,2309,2257,52,737,720,17,793,568,225,750,525,225,43,43,0,515,439,76
VI,2016,341,89,252,308,56,252,33,33,0,11,11,0,26,8,18,26,8,18,0,0,0,32,2,30
VT,2016,1117,961,156,655,516,139,462,445,17,158,152,6,127,81,46,120,74,46,7,7,0,110,97,13
WA,2016,20827,12361,8466,13900,6389,7511,6927,5972,955,2185,1878,307,2567,981,1586,2307,825,1482,260,156,104,1484,999,485
WI,2016,5685,5275,410,2886,2495,391,2799,2780,19,862,856,6,363,296,67,276,209,67,87,87,0,415,392,23
WV,2016,1387,1252,135,1039,904,135,348,348,0,113,113,0,165,117,48,161,113,48,4,4,0,143,126,17
WY,2016,857,491,366,517,277,240,340,214,126,110,77,33,91,33,58,80,29,51,11,4,7,87,56,31
AK,2015,1956,1639,317,1342,1084,258,614,555,59,180,163,17,222,81,141,182,70,112,40,11,29,180,149,31
AL,2015,3970,2943,1027,2868,2076,792,1102,867,235,360,287,73,607,168,439,557,157,400,50,11,39,474,399,75
AR,2015,2560,1678,882,1833,1089,744,727,589,138,240,198,42,623,319,304,524,234,290,99,85,14,456,385,71
AZ,2015,9896,6939,2957,6548,3824,2724,3348,3115,233,1002,937,65,1366,344,1022,1246,297,949,120,47,73,1220,672,548
CA,2015,115738,42039,73699,93156,24843,68313,22582,17196,5386,7195,5593,1602,32227,5077,27150,29178,4169,25009,3049,908,2141,11311,4309,7002
CO,2015,9953,7134,2819,5729,3739,1990,4224,3395,829,1242,996,246,1877,882,995,1572,754,818,305,128,177,950,644,306
CT,2015,4047,3421,626,2719,2124,595,1328,1297,31,456,445,11,583,278,305,538,240,298,45,38,7,282,241,41
DC,2015,7298,6754,544,3821,3277,544,3477,3477,0,1131,1131,0,1790,1470,320,1593,1273,320,197,197,0,408,366,42
DE,2015,953,916,37,602,565,37,351,351,0,115,115,0,80,75,5,64,59,5,16,16,0,79,74,5
FL,2015,35900,18883,17017,26325,12033,14292,9575,6850,2725,3053,2107,946,6540,1383,5157,6021,1210,4811,519,173,346,3926,2372,1554
GA,2015,13790,7987,5803,9702,4783,4919,4088,3204,884,1236,1014,222,2137,622,1515,1994,568,1426,143,54,89,1548,866,682
GU,2015,1280,87,1193,306,23,283,974,64,910,180,14,166,153,0,153,27,0,27,126,0,126,23,1,22
HI,2015,7620,3777,3843,4307,1243,3064,3313,2534,779,798,613,185,1534,180,1354,1372,153,1219,162,27,135,692,275,417
IA,2015,3081,2878,203,1501,1302,199,1580,1576,4,496,495,1,275,221,54,201,147,54,74,74,0,207,175,32
ID,2015,1966,1497,469,1172,832,340,794,665,129,251,213,38,245,112,133,164,84,80,81,28,53,249,174,75
IL,2015,13177,10463,2714,8152,5599,2553,5025,4864,161,1648,1597,51,1912,994,918,1799,892,907,113,102,11,1226,769,457
IN,2015,5863,5280,583,3914,3353,561,1949,1927,22,636,631,5,703,529,174,608,450,158,95,79,16,790,726,64
KS,2015,2588,2283,305,1466,1191,275,1122,1092,30,346,334,12,379,245,134,339,214,125,40,31,9,311,276,35
KY,2015,4538,3796,742,3151,2622,529,1387,1174,213,467,398,69,457,413,44,383,345,38,74,68,6,591,541,50
LA,2015,4081,2890,1191,3217,2053,1164,864,837,27,285,276,9,773,287,486,735,255,480,38,32,6,392,350,42
MA,2015,21135,20542,593,6378,5814,564,14757,14728,29,4903,4892,11,2561,2320,241,1411,1170,241,1150,1150,0,1133,1101,32
MD,2015,8390,6594,1796,5383,3987,1396,3007,2607,400,970,847,123,1847,1016,831,1634,923,711,213,93,120,714,586,128
ME,2015,2372,2313,59,1219,1170,49,1153,1143,10,358,355,3,217,203,14,193,179,14,24,24,0,151,142,9
MI,2015,10516,9444,1072,6546,5553,993,3970,3891,79,1285,1261,24,935,621,314,830,519,311,105,102,3,1067,991,76
MN,2015,7546,6705,841,3622,2987,635,3924,3718,206,1192,1121,71,1396,1054,342,1124,833,291,272,221,51,297,253,44
MO,2015,6482,5411,1071,3434,2640,794,3048,2771,277,926,845,81,1025,652,373,875,536,339,150,116,34,540,430,110
MP,2015,0,0,0,0,0,0,0,0,0,0,0,0,0,0,0,0,0,0,0,0,0,0,0,0
MS,2015,1983,1141,842,1475,693,782,508,448,60,152,138,14,243,67,176,233,67,166,10,0,10,206,87,119
MT,2015,1709,837,872,1127,478,649,582,359,223,182,120,62,166,26,140,154,23,131,12,3,9,277,98,179
NC,2015,10685,8260,2425,7156,5372,1784,3529,2888,641,1110,921,189,1364,682,682,1253,605,648,111,77,34,1092,904,188
ND,2015,1305,819,486,864,591,273,441,228,213,123,71,52,138,68,70,70,52,18,68,16,52,137,90,47
NE,2015,2744,2621,123,1720,1597,123,1024,1024,0,327,327,0,322,266,56,257,201,56,65,65,0,247,231,16
NH,2015,1445,1313,132,778,666,112,667,647,20,244,238,6,317,260,57,257,205,52,60,55,5,138,124,14
NJ,2015,10098,9124,974,6189,5293,896,3909,3831,78,1346,1327,19,1410,972,438,1182,752,430,228,220,8,696,616,80
NM,2015,2629,2175,454,1666,1237,429,963,938,25,296,290,6,716,445,271,621,360,261,95,85,10,278,214,64
NV,2015,8743,4528,4215,7858,3646,4212,885,882,3,279,278,1,594,117,477,585,108,477,9,9,0,860,516,344
NY,2015,88250,84228,4022,36135,32172,3963,52115,52056,59,15361,15344,17,7116,4733,2383,4327,1982,2345,2789,2751,38,2399,2268,131
OH,2015,11182,10083,1099,7565,6590,975,3617,3493,124,1108,1073,35,1275,887,388,1160,782,378,115,105,10,1183,1073,110
OK,2015,3777,2999,778,2781,2111,670,996,888,108,343,305,38,581,342,239,508,289,219,73,53,20,351,253,98
OR,2015,13226,5831,7395,9461,4048,5413,3765,1783,1982,1179,586,593,4011,1008,3003,3521,921,2600,490,87,403,1464,769,695
PA,2015,15421,13993,1428,8605,7276,1329,6816,6717,99,2299,2269,30,1590,1040,550,1442,909,533,148,131,17,1375,1295,80
PR,2015,4518,1421,3097,3929,1029,2900,589,392,197,170,121,49,1756,195,1561,1615,195,1420,141,0,141,164,55,109
RI,2015,1111,1075,36,706,673,33,405,402,3,112,111,1,130,118,12,110,100,10,20,18,2,107,105,2
SC,2015,5354,3458,1896,3934,2465,1469,1420,993,427,510,332,178,1020,525,495,916,456,460,104,69,35,681,470,211
SD,2015,1036,900,136,630,506,124,406,394,12,125,122,3,95,67,28,85,59,26,10,8,2,177,170,7
TN,2015,9123,5879,3244,6516,4075,2441,2607,1804,803,869,578,291,1650,702,948,1492,648,844,158,54,104,945,756,189
TX,2015,23678,16192,7486,16265,9234,7031,7413,6958,455,2316,2159,157,4304,1915,2389,3778,1543,2235,526,372,154,2393,1490,903
UT,2015,3025,2799,226,1809,1605,204,1216,1194,22,364,357,7,233,215,18,178,165,13,55,50,5,337,313,24
VA,2015,7001,6190,811,4190,3434,756,2811,2756,55,890,874,16,1158,789,369,1041,702,339,117,87,30,604,513,91
VI,2015,337,85,252,308,56,252,29,29,0,10,10,0,22,4,18,22,4,18,0,0,0,34,4,30
VT,2015,1523,1373,150,910,775,135,613,598,15,201,197,4,166,111,55,139,84,55,27,27,0,119,113,6
WA,2015,19419,12298,7121,12526,6200,6326,6893,6098,795,2154,1936,218,2482,1027,1455,2261,908,1353,221,119,102,1293,886,407
WI,2015,6057,5615,442,2992,2647,345,3065,2968,97,954,923,31,464,377,87,361,277,84,103,100,3,534,515,19
WV,2015,1835,1403,432,1414,1049,365,421,354,67,129,108,21,386,226,160,352,192,160,34,34,0,305,227,78
WY,2015,798,507,291,500,292,208,298,215,83,93,71,22,102,37,65,86,35,51,16,2,14,112,83,29
AK,2014,1784,1639,145,1209,1109,100,575,530,45,193,179,14,206,137,69,182,119,63,24,18,6,178,160,18
AL,2014,4561,3518,1043,3115,2373,742,1446,1145,301,457,357,100,729,283,446,618,245,373,111,38,73,542,450,92
AR,2014,2936,1503,1433,2303,1070,1233,633,433,200,240,172,68,519,85,434,516,82,434,3,3,0,361,220,141
AZ,2014,10495,7926,2569,6194,3851,2343,4301,4075,226,1295,1234,61,959,316,643,904,303,601,55,13,42,858,635,223
CA,2014,113952,42515,71437,90765,24857,65908,23187,17658,5529,6956,5128,1828,31078,5131,25947,28200,4417,23783,2878,714,2164,12096,4457,7639
CO,2014,10028,8083,1945,5573,4035,1538,4455,4048,407,1317,1187,130,1621,747,874,1335,635,700,286,112,174,753,528,225
CT,2014,4450,3531,919,3069,2243,826,1381,1288,93,495,458,37,1215,847,368,1026,696,330,189,151,38,295,221,74
DC,2014,7748,7352,396,3953,3557,396,3795,3795,0,1231,1231,0,2029,1694,335,1609,1274,335,420,420,0,406,375,31
DE,2014,901,864,37,584,554,30,317,310,7,104,102,2,91,82,9,88,79,9,3,3,0,93,89,4
FL,2014,41542,19851,21691,28730,12886,15844,12812,6965,5847,4550,2227,2323,7989,1903,6086,6843,1717,5126,1146,186,960,4552,2424,2128
GA,2014,16521,8214,8307,12403,4932,7471,4118,3282,836,1291,1023,268,3004,945,2059,2645,862,1783,359,83,276,1443,647,796
GU,2014,1356,126,1230,332,37,295,1024,89,935,180,20,160,67,0,67,24,0,24,43,0,43,36,6,30
HI,2014,6918,3813,3105,3750,1164,2586,3168,2649,519,790,663,127,1301,199,1102,1109,145,964,192,54,138,593,247,346
IA,2014,3122,2926,196,1544,1368,176,1578,1558,20,487,482,5,244,154,90,211,121,90,33,33,0,202,177,25
ID,2014,2104,1468,636,1234,848,386,870,620,250,264,197,67,244,105,139,156,69,87,88,36,52,215,135,80
IL,2014,13107,11409,1698,7350,5793,1557,5757,5616,141,1880,1824,56,1488,1010,478,1349,891,458,139,119,20,1234,913,321
IN,2014,5971,5568,403,3953,3560,393,2018,2008,10,654,651,3,596,485,111,542,433,109,54,52,2,725,687,38
KS,2014,2783,2534,249,1533,1295,238,1250,1239,11,395,391,4,320,212,108,290,184,106,30,28,2,393,356,37
KY,2014,5089,4258,831,3352,2805,547,1737,1453,284,564,496,68,727,499,228,614,424,190,113,75,38,600,558,42
LA,2014,4606,3503,1103,3444,2364,1080,1162,1139,23,376,368,8,776,262,514,743,232,511,33,30,3,437,332,105
MA,2014,21237,20478,759,6788,6041,747,14449,14437,12,4781,4777,4,3311,3006,305,1590,1285,305,1721,1721,0,1264,1234,30
MD,2014,7856,6267,1589,4980,3872,1108,2876,2395,481,948,803,145,1740,1135,605,1515,997,518,225,138,87,654,555,99
ME,2014,2726,2633,93,1348,1282,66,1378,1351,27,388,376,12,244,218,26,218,200,18,26,18,8,152,138,14
MI,2014,12227,10075,2152,7535,5916,1619,4692,4159,533,1521,1330,191,1293,825,468,1160,745,415,133,80,53,1122,994,128
MN,2014,8377,7582,795,3652,3006,646,4725,4576,149,1422,1383,39,1235,889,346,885,562,323,350,327,23,317,263,54
MO,2014,7282,6309,973,4307,3651,656,2975,2658,317,902,813,89,997,714,283,735,469,266,262,245,17,652,563,89
MP,2014,0,0,0,0,0,0,0,0,0,0,0,0,0,0,0,0,0,0,0,0,0,0,0,0
MS,2014,2226,1405,821,1714,933,781,512,472,40,179,165,14,282,79,203,275,74,201,7,5,2,279,221,58
MT,2014,1745,911,834,1167,493,674,578,418,160,166,122,44,270,77,193,256,71,185,14,6,8,256,94,162
NC,2014,11491,8874,2617,7498,5738,1760,3993,3136,857,1303,1032,271,1431,720,711,1284,639,645,147,81,66,1164,982,182
ND,2014,1258,794,464,886,526,360,372,268,104,120,88,32,115,101,14,111,97,14,4,4,0,151,117,34
NE,2014,3026,2917,109,1893,1788,105,1133,1129,4,347,346,1,426,397,29,365,336,29,61,61,0,241,224,17
NH,2014,1376,1243,133,795,676,119,581,567,14,213,207,6,338,286,52,301,251,50,37,35,2,171,162,9
NJ,2014,11671,10736,935,6446,5536,910,5225,5200,25,1716,1708,8,1399,1007,392,1150,760,390,249,247,2,630,554,76
NM,2014,2746,2318,428,1804,1429,375,942,889,53,306,287,19,709,490,219,617,458,159,92,32,60,318,258,60
NV,2014,8582,4797,3785,7356,3571,3785,1226,1226,0,397,397,0,705,104,601,697,96,601,8,8,0,1036,546,490
NY,2014,80590,76487,4103,32643,28600,4043,47947,47887,60,14338,14319,19,7212,4783,2429,4350,1947,2403,2862,2836,26,2542,2085,457
OH,2014,11823,10720,1103,7704,6769,935,4119,3951,168,1314,1261,53,1481,1009,472,1340,894,446,141,115,26,1236,1102,134
OK,2014,4191,3259,932,2964,2291,673,1227,968,259,400,322,78,671,416,255,585,366,219,86,50,36,408,273,135
OR,2014,12164,6101,6063,7988,3665,4323,4176,2436,1740,1275,786,489,2695,577,2118,2207,505,1702,488,72,416,1292,702,590
PA,2014,15333,14301,1032,8359,7420,939,6974,6881,93,2384,2357,27,1607,1134,473,1449,983,466,158,151,7,1411,1336,75
PR,2014,4132,1406,2726,3432,1019,2413,700,387,313,208,130,78,2063,194,1869,1567,194,1373,496,0,496,87,45,42
RI,2014,1190,1170,20,779,761,18,411,409,2,132,131,1,204,198,6,204,198,6,0,0,0,108,108,0
SC,2014,5057,3249,1808,3813,2252,1561,1244,997,247,445,337,108,273,100,173,273,100,173,0,0,0,703,399,304
SD,2014,885,830,55,490,450,40,395,380,15,121,117,4,118,92,26,81,68,13,37,24,13,132,128,4
TN,2014,9415,6383,3032,6800,4693,2107,2615,1690,925,804,498,306,2195,1364,831,1904,1169,735,291,195,96,1142,920,222
TX,2014,28495,18228,10267,19177,9758,9419,9318,8470,848,2784,2549,235,5416,2231,3185,4952,1892,3060,464,339,125,2718,1576,1142
UT,2014,3081,2768,313,1729,1540,189,1352,1228,124,398,380,18,422,380,42,386,346,40,36,34,2,317,293,24
VA,2014,7020,6330,690,4234,3570,664,2786,2760,26,883,873,10,1021,730,291,965,674,291,56,56,0,620,535,85
VI,2014,448,85,363,425,62,363,23,23,0,9,9,0,88,1,87,88,1,87,0,0,0,32,1,31
VT,2014,1559,1396,163,823,704,119,736,692,44,239,221,18,283,228,55,199,159,40,84,69,15,120,111,9
WA,2014,18442,12540,5902,11390,6257,5133,7052,6283,769,2182,1931,251,2535,1129,1406,2311,1015,1296,224,114,110,1433,1089,344
WI,2014,6055,5712,343,2929,2676,253,3126,3036,90,1007,977,30,524,447,77,436,359,77,88,88,0,520,496,24
WV,2014,2013,1583,430,1488,1175,313,525,408,117,173,131,42,482,304,178,424,279,145,58,25,33,333,303,30
WY,2014,757,563,194,463,327,136,294,236,58,89,76,13,144,104,40,105,86,19,39,18,21,116,95,21
AK,2013,1946,1741,205,1362,1208,154,584,533,51,196,182,14,184,138,46,166,124,42,18,14,4,210,188,22
AL,2013,4689,3246,1443,3387,2212,1175,1302,1034,268,495,375,120,858,295,563,768,249,519,90,46,44,511,363,148
AR,2013,3812,1664,2148,3174,1177,1997,638,487,151,218,162,56,602,171,431,565,142,423,37,29,8,462,326,136
AZ,2013,10562,7431,3131,6510,3662,2848,4052,3769,283,1291,1210,81,1188,520,668,1064,450,614,124,70,54,1222,901,321
CA,2013,118552,45554,72998,93458,26426,67032,25094,19128,5966,8267,6258,2009,33112,5251,27861,29248,4177,25071,3864,1074,2790,12895,4886,8009
CO,2013,9754,7591,2163,4664,3075,1589,5090,4516,574,1444,1284,160,1780,846,934,1354,665,689,426,181,245,685,452,233
CT,2013,4448,3529,919,3101,2275,826,1347,1254,93,475,438,37,1046,678,368,872,542,330,174,136,38,341,267,74
DC,2013,6865,6353,512,3696,3184,512,3169,3169,0,983,983,0,2027,1566,461,1764,1303,461,263,263,0,499,435,64
DE,2013,946,936,10,575,565,10,371,371,0,119,119,0,71,68,3,65,62,3,6,6,0,89,86,3
FL,2013,47862,19670,28192,31359,12330,19029,16503,7340,9163,5806,2420,3386,9647,1873,7774,7778,1608,6170,1869,265,1604,5505,2328,3177
GA,2013,16971,8510,8461,12880,5250,7630,4091,3260,831,1257,990,267,3082,936,2146,2713,842,1871,369,94,275,1805,900,905
GU,2013,1271,128,1143,296,35,261,975,93,882,167,25,142,290,1,289,51,1,50,239,0,239,32,2,30
HI,2013,6335,3745,2590,3355,1142,2213,2980,2603,377,736,643,93,1180,273,907,1031,212,819,149,61,88,558,234,324
IA,2013,3084,2950,134,1524,1392,132,1560,1558,2,495,494,1,327,258,69,277,208,69,50,50,0,229,220,9
ID,2013,1781,1404,377,1084,775,309,697,629,68,211,192,19,271,165,106,193,105,88,78,60,18,208,162,46
IL,2013,13425,11229,2196,7958,6104,1854,5467,5125,342,1730,1629,101,1574,980,594,1403,890,513,171,90,81,1267,882,385
IN,2013,6096,5396,700,3751,3167,584,2345,2229,116,739,705,34,580,409,171,511,343,168,69,66,3,743,666,77
KS,2013,2693,2382,311,1480,1238,242,1213,1144,69,387,365,22,356,249,107,304,204,100,52,45,7,414,384,30
KY,2013,5245,4491,754,3302,2733,569,1943,1758,185,672,614,58,541,268,273,394,219,175,147,49,98,607,510,97
LA,2013,5226,3651,1575,3908,2401,1507,1318,1250,68,415,393,22,1115,245,870,1015,227,788,100,18,82,575,383,192
MA,2013,19029,18179,850,6694,5883,811,12335,12296,39,4327,4314,13,2115,1715,400,1577,1180,397,538,535,3,1253,1204,49
MD,2013,8205,6283,1922,5221,3717,1504,2984,2566,418,997,872,125,1480,862,618,1249,725,524,231,137,94,673,563,110
ME,2013,3016,2954,62,1563,1518,45,1453,1436,17,494,487,7,176,176,0,159,159,0,17,17,0,164,150,14
MI,2013,11527,9339,2188,7236,5519,1717,4291,3820,471,1412,1241,171,1106,666,440,969,578,391,137,88,49,1100,945,155
MN,2013,8214,7299,915,3728,3023,705,4486,4276,210,1338,1273,65,1350,1001,349,915,622,293,435,379,56,349,286,63
MO,2013,8581,6501,2080,4652,3365,1287,3929,3136,793,1259,1014,245,1037,601,436,695,394,301,342,207,135,843,667,176
MP,2013,0,0,0,0,0,0,0,0,0,0,0,0,0,0,0,0,0,0,0,0,0,0,0,0
MS,2013,2403,1083,1320,1753,648,1105,650,435,215,192,134,58,475,68,407,408,61,347,67,7,60,210,129,81
MT,2013,1878,1094,784,1211,574,637,667,520,147,207,165,42,227,65,162,210,55,155,17,10,7,309,118,191
NC,2013,12168,9013,3155,7530,5383,2147,4638,3630,1008,1520,1169,351,1842,802,1040,1451,675,776,391,127,264,1123,934,189
ND,2013,2069,674,1395,1230,443,787,839,231,608,244,83,161,179,68,111,110,68,42,69,0,69,241,60,181
NE,2013,3145,2972,173,1892,1733,159,1253,1239,14,397,393,4,414,342,72,339,273,66,75,69,6,183,161,22
NH,2013,1447,1245,202,798,626,172,649,619,30,229,219,10,255,135,120,226,118,108,29,17,12,125,112,13
NJ,2013,12002,10603,1399,6093,4916,1177,5909,5687,222,1994,1917,77,1237,847,390,1002,638,364,235,209,26,540,420,120
NM,2013,2819,2391,428,1786,1411,375,1033,980,53,323,304,19,525,306,219,399,240,159,126,66,60,243,183,60
NV,2013,7039,3698,3341,6200,2899,3301,839,799,40,316,304,12,724,377,347,718,375,343,6,2,4,790,477,313
NY,2013,77430,73273,4157,31235,27214,4021,46195,46059,136,13675,13647,28,6317,3885,2432,4045,1673,2372,2272,2212,60,4659,4201,458
OH,2013,12325,10987,1338,7611,6472,1139,4714,4515,199,1501,1448,53,1753,1207,546,1677,1135,542,76,72,4,1212,1050,162
OK,2013,4408,3262,1146,3179,2320,859,1229,942,287,426,313,113,719,330,389,617,260,357,102,70,32,437,338,99
OR,2013,13822,6432,7390,8994,3602,5392,4828,2830,1998,1524,905,619,3043,723,2320,2444,588,1856,599,135,464,1494,709,785
PA,2013,15086,13727,1359,7973,6767,1206,7113,6960,153,2409,2361,48,1681,1010,671,1536,889,647,145,121,24,1462,1290,172
PR,2013,4128,1402,2726,3470,1057,2413,658,345,313,185,107,78,2130,261,1869,1629,256,1373,501,5,496,82,40,42
RI,2013,1384,1267,117,862,753,109,522,514,8,177,175,2,251,198,53,243,190,53,8,8,0,97,95,2
SC,2013,6544,3411,3133,4736,2339,2397,1808,1072,736,640,365,275,483,143,340,453,125,328,30,18,12,636,345,291
SD,2013,1094,755,339,557,394,163,537,361,176,154,115,39,217,71,146,117,42,75,100,29,71,125,106,19
TN,2013,9528,6321,3207,6909,4632,2277,2619,1689,930,880,581,299,2219,1162,1057,1929,1079,850,290,83,207,991,728,263
TX,2013,29615,17525,12090,20758,9681,11077,8857,7844,1013,2826,2532,294,5535,2168,3367,4770,1677,3093,765,491,274,3878,2007,1871
UT,2013,3277,2859,418,1959,1593,366,1318,1266,52,406,391,15,454,349,105,347,268,79,107,81,26,327,290,37
VA,2013,7625,6603,1022,4532,3587,945,3093,3016,77,984,959,25,1356,875,481,1262,797,465,94,78,16,719,625,94
VI,2013,482,119,363,444,81,363,38,38,0,11,11,0,87,0,87,87,0,87,0,0,0,33,2,31
VT,2013,1454,1270,184,701,547,154,753,723,30,262,253,9,217,140,77,183,110,73,34,30,4,128,111,17
WA,2013,17760,12707,5053,10617,6032,4585,7143,6675,468,2217,2081,136,2196,1076,1120,1927,955,972,269,121,148,1318,1058,260
WI,2013,6104,5736,368,3005,2703,302,3099,3033,66,1016,994,22,521,383,138,449,313,136,72,70,2,552,528,24
WV,2013,2240,1612,628,1544,1038,506,696,574,122,228,192,36,432,250,182,390,211,179,42,39,3,329,292,37
WY,2013,953,501,452,677,306,371,276,195,81,84,55,29,244,116,128,221,116,105,23,0,23,137,110,27
AK,2012,1913,1716,197,1298,1157,141,615,559,56,216,194,22,279,263,16,273,257,16,6,6,0,256,227,29
AL,2012,5209,3664,1545,3825,2573,1252,1384,1091,293,497,383,114,969,353,616,910,331,579,59,22,37,526,377,149
AR,2012,4214,1602,2612,3428,1191,2237,786,411,375,266,134,132,437,171,266,361,142,219,76,29,47,362,205,157
AZ,2012,11302,8215,3087,6310,3786,2524,4992,4429,563,1465,1327,138,1895,615,1280,1605,389,1216,290,226,64,1478,1007,471
CA,2012,120098,45890,74208,94888,26494,68394,25210,19396,5814,8076,6190,1886,33356,5458,27898,30189,4912,25277,3167,546,2621,14611,4512,10099
CO,2012,16768,7260,9508,5101,2847,2254,11667,4413,7254,3104,1282,1822,1943,784,1159,1612,493,1119,331,291,40,1512,800,712
CT,2012,4209,3514,695,2906,2252,654,1303,1262,41,449,432,17,944,614,330,924,594,330,20,20,0,332,285,47
DC,2012,6954,6275,679,3767,3088,679,3187,3187,0,1014,1014,0,2315,1773,542,1870,1328,542,445,445,0,531,466,65
DE,2012,1008,986,22,611,589,22,397,397,0,128,128,0,100,89,11,84,73,11,16,16,0,66,64,2
FL,2012,55170,19832,35338,36771,12801,23970,18399,7031,11368,6333,2338,3995,10054,2406,7648,8682,2132,6550,1372,274,1098,5331,2201,3130
GA,2012,20516,8320,12196,15363,4816,10547,5153,3504,1649,1779,1255,524,3843,1426,2417,3016,1030,1986,827,396,431,2297,1094,1203
GU,2012,1301,187,1114,255,65,190,1046,122,924,165,29,136,226,0,226,22,0,22,204,0,204,31,6,25
HI,2012,6246,3726,2520,3130,1075,2055,3116,2651,465,792,681,111,949,146,803,910,128,782,39,18,21,507,230,277
IA,2012,2928,2780,148,1446,1302,144,1482,1478,4,466,465,1,307,218,89,270,181,89,37,37,0,217,205,12
ID,2012,1968,1482,486,1175,787,388,793,695,98,246,216,30,252,111,141,200,90,110,52,21,31,260,184,76
IL,2012,14144,11149,2995,8269,5808,2461,5875,5341,534,1905,1736,169,2206,1144,1062,2079,1086,993,127,58,69,1147,813,334
IN,2012,6259,5370,889,3316,2661,655,2943,2709,234,955,864,91,545,369,176,461,285,176,84,84,0,687,547,140
KS,2012,2684,2350,334,1526,1265,261,1158,1085,73,346,325,21,371,275,96,307,218,89,64,57,7,373,329,44
KY,2012,5230,4319,911,3282,2555,727,1948,1764,184,667,613,54,629,423,206,497,347,150,132,76,56,440,369,71
LA,2012,7772,3807,3965,6322,2438,3884,1450,1369,81,474,443,31,2893,352,2541,2743,280,2463,150,72,78,899,450,449
MA,2012,17501,16779,722,6289,5577,712,11212,11202,10,3887,3883,4,2055,1723,332,1500,1168,332,555,555,0,1181,1126,55
MD,2012,9454,5942,3512,5727,3445,2282,3727,2497,1230,1300,812,488,1407,559,848,1259,489,770,148,70,78,617,513,104
ME,2012,2393,2360,33,1287,1254,33,1106,1106,0,376,376,0,233,231,2,222,220,2,11,11,0,116,116,0
MI,2012,12592,10270,2322,7397,5487,1910,5195,4783,412,1703,1565,138,1370,843,527,1174,690,484,196,153,43,1017,835,182
MN,2012,7744,6754,990,3540,2793,747,4204,3961,243,1311,1240,71,1718,1346,372,1004,700,304,714,646,68,309,243,66
MO,2012,10237,7893,2344,4855,3531,1324,5382,4362,1020,1745,1461,284,1632,1028,604,906,609,297,726,419,307,899,714,185
MP,2012,0,0,0,0,0,0,0,0,0,0,0,0,0,0,0,0,0,0,0,0,0,0,0,0
MS,2012,2413,1042,1371,1794,626,1168,619,416,203,221,158,63,501,67,434,450,55,395,51,12,39,244,71,173
MT,2012,1833,1153,680,1166,653,513,667,500,167,192,169,23,388,213,175,304,161,143,84,52,32,323,147,176
NC,2012,13524,8809,4715,8480,5461,3019,5044,3348,1696,1633,1084,549,1621,702,919,1465,641,824,156,61,95,1413,1091,322
ND,2012,688,635,53,485,445,40,203,190,13,70,64,6,86,78,8,81,75,6,5,3,2,160,144,16
NE,2012,3789,2957,832,2215,1861,354,1574,1096,478,514,363,151,501,333,168,396,288,108,105,45,60,249,213,36
NH,2012,1496,1329,167,832,683,149,664,646,18,240,233,7,274,180,94,237,151,86,37,29,8,127,116,11
NJ,2012,13025,11429,1596,6603,5387,1216,6422,6042,380,2247,2123,124,1026,717,309,881,609,272,145,108,37,592,465,127
NM,2012,3245,2397,848,2136,1471,665,1109,926,183,348,289,59,1072,613,459,973,566,407,99,47,52,345,202,143
NV,2012,8497,3970,4527,7493,2999,4494,1004,971,33,341,328,13,1725,599,1126,1603,480,1123,122,119,3,1229,691,538
NY,2012,69566,65482,4084,30133,26097,4036,39433,39385,48,12170,12154,16,4897,2461,2436,4324,1902,2422,573,559,14,4961,4370,591
OH,2012,13977,12246,1731,7855,6432,1423,6122,5814,308,1943,1844,99,1982,1367,615,1788,1196,592,194,171,23,1244,1034,210
OK,2012,5032,3043,1989,3454,2073,1381,1578,970,608,519,335,184,569,287,282,481,237,244,88,50,38,404,299,105
OR,2012,15828,6545,9283,9788,3492,6296,6040,3053,2987,2110,1146,964,3302,754,2548,2782,654,2128,520,100,420,1356,558,798
PA,2012,14736,13660,1076,7295,6316,979,7441,7344,97,2476,2441,35,2106,1121,985,1564,971,593,542,150,392,1456,1321,135
PR,2012,3212,1346,1866,2494,944,1550,718,402,316,297,147,150,3251,251,3000,1597,199,1398,1654,52,1602,116,29,87
RI,2012,1277,1249,28,788,760,28,489,489,0,182,182,0,154,154,0,148,148,0,6,6,0,96,96,0
SC,2012,4915,2776,2139,3327,1789,1538,1588,987,601,551,371,180,528,114,414,388,113,275,140,1,139,543,320,223
SD,2012,859,795,64,512,465,47,347,330,17,119,115,4,138,125,13,113,100,13,25,25,0,124,114,10
TN,2012,9426,5778,3648,6905,4167,2738,2521,1611,910,833,533,300,2266,1126,1140,2114,1053,1061,152,73,79,1285,973,312
TX,2012,34052,17501,16551,20743,9030,11713,13309,8471,4838,4511,2890,1621,6650,2180,4470,6115,1860,4255,535,320,215,4364,1884,2480
UT,2012,3527,3052,475,2049,1641,408,1478,1411,67,445,426,19,443,299,144,331,240,91,112,59,53,330,297,33
VA,2012,8424,6995,1429,5084,3799,1285,3340,3196,144,1094,1046,48,1646,1042,604,1531,969,562,115,73,42,881,727,154
VI,2012,484,106,378,438,60,378,46,46,0,16,16,0,193,2,191,193,2,191,0,0,0,33,1,32
VT,2012,1160,937,223,653,483,170,507,454,53,172,153,19,228,153,75,190,128,62,38,25,13,109,93,16
WA,2012,20504,15027,5477,11273,6444,4829,9231,8583,648,2871,2676,195,2213,1227,986,2041,1138,903,172,89,83,1475,1097,378
WI,2012,6027,5446,581,3033,2619,414,2994,2827,167,961,902,59,487,361,126,377,270,107,110,91,19,539,525,14
WV,2012,2410,1533,877,1742,1033,709,668,500,168,243,165,78,410,215,195,346,172,174,64,43,21,268,219,49
WY,2012,1813,475,1338,1302,292,1010,511,183,328,171,57,114,452,99,353,375,97,278,77,2,75,311,128,183
AK,2011,1913,1760,368,1286,1042,244,842,718,124,277,240,37,253,194,59,226,169,57,27,25,2,288,236,52
AL,2011,5209,3749,1809,4325,2782,1543,1233,967,266,434,328,106,1114,418,696,1046,396,650,68,22,46,659,387,272
AR,2011,4214,1802,1622,2505,1320,1185,919,482,437,349,187,162,607,328,279,500,267,233,107,61,46,411,268,143
AZ,2011,11302,7302,3202,6403,3684,2719,4101,3618,483,1239,1119,120,2283,1028,1255,1939,738,1201,344,290,54,1528,1018,510
CA,2011,120098,50691,74437,97964,29028,68936,27164,21663,5501,9021,7293,1728,34589,7039,27550,30807,5826,24981,3782,1213,2569,16783,6689,10094
CO,2011,16768,6146,8970,4546,2651,1895,10570,3495,7075,2935,1154,1781,1495,549,946,1288,376,912,207,173,34,2074,1381,693
CT,2011,4209,3761,695,3071,2417,654,1385,1344,41,482,465,17,1099,769,330,1043,713,330,56,56,0,443,396,47
DC,2011,6954,6241,305,3858,3553,305,2688,2688,0,858,858,0,2509,2234,275,2093,1818,275,416,416,0,515,490,25
DE,2011,1008,1013,22,663,641,22,372,372,0,116,116,0,70,59,11,70,59,11,0,0,0,55,53,2
FL,2011,55170,20824,35863,37584,13934,23650,19103,6890,12213,6483,2325,4158,11638,3577,8061,10263,3195,7068,1375,382,993,5644,2276,3368
GA,2011,20516,8723,12252,15975,5388,10587,5000,3335,1665,1661,1132,529,4581,2112,2469,3879,1841,2038,702,271,431,2243,1025,1218
GU,2011,1301,204,1541,279,36,243,1466,168,1298,250,39,211,370,0,370,25,0,25,345,0,345,33,7,26
HI,2011,6246,3632,2556,3195,1077,2118,2993,2555,438,775,650,125,935,116,819,904,111,793,31,5,26,505,210,295
IA,2011,2928,3013,121,1628,1518,110,1506,1495,11,472,467,5,351,284,67,315,248,67,36,36,0,267,255,12
ID,2011,1968,1585,614,1310,841,469,889,744,145,297,256,41,308,149,159,236,129,107,72,20,52,250,169,81
IL,2011,14144,11089,2920,8173,5692,2481,5836,5397,439,1957,1804,153,2563,1483,1080,2400,1393,1007,163,90,73,1081,765,316
IN,2011,6259,5550,646,3789,3256,533,2407,2294,113,758,719,39,602,425,177,602,425,177,0,0,0,714,638,76
KS,2011,2684,2222,289,1425,1200,225,1086,1022,64,328,309,19,338,252,86,280,205,75,58,47,11,384,342,42
KY,2011,5230,5183,851,3842,3170,672,2192,2013,179,731,678,53,784,577,207,659,508,151,125,69,56,636,579,57
LA,2011,7772,3405,5886,7941,2197,5744,1350,1208,142,469,424,45,4433,165,4268,4352,158,4194,81,7,74,950,443,507
MA,2011,17501,15961,703,6344,5672,672,10320,10289,31,3531,3521,10,2061,1711,350,1666,1319,347,395,392,3,1268,1210,58
MD,2011,9454,6496,3712,6353,3957,2396,3855,2539,1316,1338,829,509,1800,898,902,1627,803,824,173,95,78,696,577,119
ME,2011,2393,2418,29,1184,1157,27,1263,1261,2,427,426,1,212,202,10,212,202,10,0,0,0,127,121,6
MI,2011,12592,10864,2321,7634,5721,1913,5551,5143,408,1825,1689,136,1764,1258,506,1611,1142,469,153,116,37,959,755,204
MN,2011,7744,6567,928,3410,2718,692,4085,3849,236,1265,1189,76,1862,1518,344,1211,955,256,651,563,88,449,371,78
MO,2011,10237,6718,2271,4657,3263,1394,4332,3455,877,1330,1059,271,1418,929,489,1156,792,364,262,137,125,852,627,225
MP,2011,0,0,0,0,0,0,0,0,0,0,0,0,0,0,0,0,0,0,0,0,0,0,0,0
MS,2011,2413,1056,1250,1825,734,1091,481,322,159,141,93,48,471,135,336,438,126,312,33,9,24,205,114,91
MT,2011,1833,1216,552,1094,636,458,674,580,94,222,192,30,324,149,175,203,76,127,121,73,48,251,135,116
NC,2011,13524,9245,3651,8303,6035,2268,4593,3210,1383,1460,1058,402,1476,916,560,1365,845,520,111,71,40,1248,941,307
ND,2011,688,560,43,396,366,30,207,194,13,60,55,5,75,69,6,67,63,4,8,6,2,124,121,3
NE,2011,3789,3041,507,2210,1872,338,1338,1169,169,433,376,57,502,409,93,445,361,84,57,48,9,310,253,57
NH,2011,1496,1159,310,820,631,189,649,528,121,243,203,40,226,148,78,166,93,73,60,55,5,126,118,8
NJ,2011,13025,12830,1307,6841,5960,881,7296,6870,426,2556,2418,138,955,788,167,750,610,140,205,178,27,811,668,143
NM,2011,3245,2753,848,2246,1581,665,1355,1172,183,430,371,59,1117,658,459,971,564,407,146,94,52,364,221,143
NV,2011,8497,4545,4605,7973,3403,4570,1177,1142,35,381,368,13,1353,196,1157,1342,187,1155,11,9,2,1240,692,548
NY,2011,69566,59778,3667,27338,23842,3496,36107,35936,171,11988,11932,56,4208,2070,2138,3840,1755,2085,368,315,53,5765,5246,519
OH,2011,13977,11224,1806,7812,6329,1483,5218,4895,323,1683,1582,101,2014,1382,632,1881,1288,593,133,94,39,1279,1083,196
OK,2011,5032,2988,1637,3236,2070,1166,1389,918,471,469,311,158,793,418,375,568,307,261,225,111,114,356,301,55
OR,2011,15828,7012,10242,9445,3249,6196,7809,3763,4046,2623,1242,1381,3739,916,2823,3017,704,2313,722,212,510,1474,655,819
PA,2011,14736,14036,1060,7867,6872,995,7229,7164,65,2396,2373,23,1719,1139,580,1508,938,570,211,201,10,1392,1262,130
PR,2011,3212,1034,1866,2346,796,1550,554,238,316,261,111,150,3564,564,3000,1647,249,1398,1917,315,1602,137,50,87
RI,2011,1277,1039,31,652,621,31,418,418,0,137,137,0,176,171,5,176,171,5,0,0,0,123,121,2
SC,2011,4915,2954,2139,3505,1967,1538,1588,987,601,527,347,180,645,231,414,504,229,275,141,2,139,612,389,223
SD,2011,859,762,64,460,413,47,366,349,17,123,119,4,34,21,13,34,21,13,0,0,0,109,99,10
TN,2011,9426,5915,3198,6475,4238,2237,2638,1677,961,910,539,371,1757,904,853,1661,828,833,96,76,20,965,732,233
TX,2011,34052,18972,17939,23577,10407,13170,13334,8565,4769,4357,2906,1451,8223,3253,4970,7390,2695,4695,833,558,275,4891,2365,2526
UT,2011,3527,2687,443,1842,1434,408,1288,1253,35,389,381,8,383,284,99,364,265,99,19,19,0,345,310,35
VA,2011,8424,7386,1430,5231,4017,1214,3585,3369,216,1145,1084,61,1643,1029,614,1571,973,598,72,56,16,931,768,163
VI,2011,484,154,378,450,72,378,82,82,0,22,22,0,195,4,191,195,4,191,0,0,0,32,0,32
VT,2011,1160,1021,123,637,533,104,507,488,19,156,150,6,114,87,27,94,67,27,20,20,0,81,75,6
WA,2011,20504,15075,5364,10868,6218,4650,9571,8857,714,3040,2840,200,2388,1313,1075,2136,1211,925,252,102,150,1478,1167,311
WI,2011,6027,5355,430,2838,2504,334,2947,2851,96,994,965,29,497,425,72,410,347,63,87,78,9,607,584,23
WV,2011,2410,1405,806,1662,992,670,549,413,136,207,156,51,299,189,110,287,179,108,12,10,2,302,236,66
WY,2011,1813,195,843,320,127,193,718,68,650,223,29,194,104,27,77,82,27,55,22,0,22,83,39,44
AK,2010,1863,1671,192,1118,953,165,745,718,27,244,236,8,0,0,0,164,119,45,0,0,0,300,270,30
AL,2010,6046,3891,2155,4553,2857,1696,1493,1034,459,551,389,162,0,0,0,1043,502,541,0,0,0,1089,911,178
AR,2010,2762,1728,1034,2120,1312,808,642,416,226,222,137,85,0,0,0,395,145,250,0,0,0,362,247,115
AZ,2010,13711,7214,6497,9226,3366,5860,4485,3848,637,1372,1192,180,0,0,0,1935,544,1391,0,0,0,2230,1052,1178
CA,2010,123480,50899,72581,96940,32302,64638,26540,18597,7943,8810,6214,2596,0,0,0,31235,6964,24271,0,0,0,17604,6600,11004
CO,2010,15482,9031,6451,7574,4576,2998,7908,4455,3453,2234,1353,881,0,0,0,1432,510,922,0,0,0,1316,853,463
CT,2010,4316,3817,499,2993,2511,482,1323,1306,17,447,440,7,0,0,0,777,595,182,0,0,0,483,423,60
DC,2010,6539,6109,430,4016,3586,430,2523,2523,0,800,800,0,0,0,0,2110,1723,387,0,0,0,579,563,16
DE,2010,982,930,52,681,629,52,301,301,0,111,111,0,0,0,0,97,71,26,0,0,0,74,69,5
FL,2010,57551,21817,35734,35738,13231,22507,21813,8586,13227,8017,2874,5143,0,0,0,9232,3700,5532,0,0,0,7794,2818,4976
GA,2010,19836,8746,11090,14377,5612,8765,5459,3134,2325,1812,1093,719,0,0,0,3635,1495,2140,0,0,0,2766,1372,1394
GU,2010,1635,182,1453,534,37,497,1101,145,956,172,32,140,0,0,0,28,1,27,0,0,0,27,5,22
HI,2010,5834,3535,2299,2889,944,1945,2945,2591,354,764,675,89,0,0,0,801,96,705,0,0,0,419,176,243
IA,2010,3014,2903,111,1528,1426,102,1486,1477,9,481,477,4,0,0,0,249,182,67,0,0,0,221,207,14
ID,2010,2346,1564,782,1445,831,614,901,733,168,287,242,45,0,0,0,111,37,74,0,0,0,239,128,111
IL,2010,14395,12208,2187,7568,5767,1801,6827,6441,386,2229,2096,133,0,0,0,2130,1435,695,0,0,0,1133,886,247
IN,2010,6452,5233,1219,3588,2736,852,2864,2497,367,913,805,108,0,0,0,775,478,297,0,0,0,767,633,134
KS,2010,2024,1828,196,1318,1166,152,706,662,44,212,198,14,0,0,0,191,149,42,0,0,0,711,660,51
KY,2010,6623,5599,1024,4125,3261,864,2498,2338,160,805,756,49,0,0,0,695,404,291,0,0,0,619,534,85
LA,2010,12482,4096,8386,10101,2390,7711,2381,1706,675,763,554,209,0,0,0,4815,226,4589,0,0,0,2015,502,1513
MA,2010,16646,15595,1051,6403,5483,920,10243,10112,131,3526,3479,47,0,0,0,2007,1502,505,0,0,0,1597,1449,148
MD,2010,10845,6515,4330,5999,3902,2097,4846,2613,2233,1603,864,739,0,0,0,2179,1231,948,0,0,0,910,646,264
ME,2010,2379,2351,28,1061,1033,28,1318,1318,0,447,447,0,0,0,0,226,221,5,0,0,0,108,105,3
MI,2010,13058,10219,2839,7365,5371,1994,5693,4848,845,1880,1602,278,0,0,0,1824,1309,515,0,0,0,964,785,179
MN,2010,7869,6730,1139,3605,2934,671,4264,3796,468,1409,1244,165,0,0,0,1490,1149,341,0,0,0,644,553,91
MO,2010,8122,6336,1786,4427,3290,1137,3695,3046,649,1196,994,202,0,0,0,1287,977,310,0,0,0,759,629,130
MP,2010,0,0,0,0,0,0,0,0,0,0,0,0,0,0,0,0,0,0,0,0,0,0,0,0
MS,2010,2743,1181,1562,1924,661,1263,819,520,299,264,161,103,0,0,0,357,130,227,0,0,0,339,215,124
MT,2010,1615,1168,447,890,562,328,725,606,119,238,201,37,0,0,0,145,96,49,0,0,0,262,156,106
NC,2010,12191,9173,3018,8361,5892,2469,3830,3281,549,1293,1108,185,0,0,0,1479,1077,402,0,0,0,1084,907,177
ND,2010,799,768,31,539,513,26,260,255,5,82,80,2,0,0,0,64,61,3,0,0,0,119,114,5
NE,2010,3877,3355,522,2423,2018,405,1454,1337,117,482,445,37,0,0,0,535,416,119,0,0,0,305,243,62
NH,2010,1574,1337,237,943,740,203,631,597,34,236,223,13,0,0,0,326,280,46,0,0,0,173,143,30
NJ,2010,13737,12083,1654,6520,5271,1249,7217,6812,405,2572,2411,161,0,0,0,877,617,260,0,0,0,567,488,79
NM,2010,3475,2108,1367,2343,1102,1241,1132,1006,126,304,252,52,0,0,0,779,341,438,0,0,0,441,259,182
NV,2010,11205,7848,3357,9565,6233,3332,1640,1615,25,435,425,10,0,0,0,1415,253,1162,0,0,0,1843,1230,613
NY,2010,65606,61467,4139,26293,22292,4001,39313,39175,138,12332,12283,49,0,0,0,4259,1905,2354,0,0,0,5857,5046,811
OH,2010,12569,10729,1840,7719,6295,1424,4850,4434,416,1595,1453,142,0,0,0,2240,1676,564,0,0,0,1527,1293,234
OK,2010,5229,3315,1914,3317,2239,1078,1912,1076,836,665,360,305,0,0,0,620,395,225,0,0,0,474,350,124
OR,2010,19492,7231,12261,10731,3654,7077,8761,3577,5184,2811,1164,1647,0,0,0,2601,683,1918,0,0,0,1285,573,712
PA,2010,14516,13418,1098,7191,6125,1066,7325,7293,32,2393,2380,13,0,0,0,1524,868,656,0,0,0,1441,1274,167
PR,2010,4149,1404,2745,3721,1124,2597,428,280,148,149,98,51,0,0,0,2218,684,1534,0,0,0,106,33,73
RI,2010,1282,1206,76,704,632,72,578,574,4,216,215,1,0,0,0,86,60,26,0,0,0,91,87,4
SC,2010,4473,3036,1437,3194,1945,1249,1279,1091,188,474,403,71,0,0,0,674,392,282,0,0,0,687,497,190
SD,2010,731,667,64,445,381,64,286,286,0,87,87,0,0,0,0,109,45,64,0,0,0,135,118,17
TN,2010,10276,6999,3277,7623,5060,2563,2653,1939,714,956,665,291,0,0,0,2495,1496,999,0,0,0,1679,1075,604
TX,2010,35121,19191,15930,24078,11249,12829,11043,7942,3101,3987,2796,1191,0,0,0,6512,2577,3935,0,0,0,5133,2688,2445
UT,2010,3284,2722,562,1926,1393,533,1358,1329,29,404,395,9,0,0,0,406,125,281,0,0,0,342,301,41
VA,2010,9080,7439,1641,5338,3966,1372,3742,3473,269,1181,1089,92,0,0,0,1510,983,527,0,0,0,995,830,165
VI,2010,487,92,395,468,73,395,19,19,0,9,9,0,0,0,0,385,20,365,0,0,0,42,10,32
VT,2010,1220,1078,142,797,672,125,423,406,17,167,162,5,0,0,0,133,85,48,0,0,0,117,104,13
WA,2010,22878,16489,6389,11901,6705,5196,10977,9784,1193,3388,3023,365,0,0,0,2106,1281,825,0,0,0,2043,1282,761
WI,2010,6333,5253,1080,3040,2598,442,3293,2655,638,1080,856,224,0,0,0,727,608,119,0,0,0,609,581,28
WV,2010,2264,1524,740,1527,1048,479,737,476,261,245,169,76,0,0,0,516,358,158,0,0,0,576,393,183
WY,2010,579,515,64,327,269,58,252,246,6,90,88,2,0,0,0,101,52,49,0,0,0,85,71,14
AK,2009,1992,1665,327,1239,989,250,753,676,77,237,210,27,0,0,0,323,245,78,0,0,0,259,222,37
AL,2009,6080,3913,2167,4686,3031,1655,1394,882,512,509,313,196,0,0,0,1189,652,537,0,0,0,1063,858,205
AR,2009,2852,1730,1122,2181,1297,884,671,433,238,234,143,91,0,0,0,406,146,260,0,0,0,249,168,82
AZ,2009,14721,8366,6355,9959,4291,5668,4762,4075,687,1406,1251,155,0,0,0,2229,538,1691,0,0,0,2343,1216,1127
CA,2009,123678,50777,72901,97534,32417,65117,26144,18360,7784,8613,6143,2470,0,0,0,31412,7001,24411,0,0,0,17973,6799,11174
CO,2009,15268,9031,6237,7401,4576,2825,7867,4455,3412,2224,1353,871,0,0,0,1286,510,776,0,0,0,1471,964,507
CT,2009,4605,4103,502,2773,2288,485,1832,1815,17,624,617,7,0,0,0,824,640,184,0,0,0,462,401,61
DC,2009,6228,5907,321,3934,3613,321,2294,2294,0,703,703,0,0,0,0,1923,1632,291,0,0,0,642,613,29
DE,2009,1130,1083,47,776,729,47,354,354,0,117,117,0,0,0,0,167,150,17,0,0,0,100,91,9
FL,2009,55599,21867,33732,34432,13827,20605,21167,8040,13127,7751,2613,5138,0,0,0,9062,3493,5569,0,0,0,7135,2907,4228
GA,2009,20360,9419,10941,14365,5765,8600,5995,3654,2341,1895,1169,726,0,0,0,3771,1620,2151,0,0,0,2760,1373,1387
GU,2009,1088,182,906,391,52,339,697,130,567,168,32,136,0,0,0,87,19,68,0,0,0,22,3,19
HI,2009,5782,3268,2514,2941,1009,1932,2841,2259,582,784,621,163,0,0,0,772,124,648,0,0,0,499,234,265
IA,2009,3380,3221,159,1655,1524,131,1725,1697,28,532,523,9,0,0,0,306,238,68,0,0,0,270,247,23
ID,2009,1939,1477,462,1117,821,296,822,656,166,280,220,60,0,0,0,210,157,53,0,0,0,270,194,76
IL,2009,14055,11851,2204,7475,5642,1833,6580,6209,371,2093,1981,112,0,0,0,2212,1564,648,0,0,0,1028,801,227
IN,2009,6984,5206,1778,4151,2687,1464,2833,2519,314,975,872,103,0,0,0,765,505,260,0,0,0,740,586,154
KS,2009,1892,1696,196,1238,1086,152,654,610,44,205,191,14,0,0,0,238,196,42,0,0,0,638,578,60
KY,2009,5999,5299,700,3302,2765,537,2697,2534,163,858,807,51,0,0,0,671,491,180,0,0,0,675,597,78
LA,2009,12504,4118,8386,10098,2387,7711,2406,1731,675,764,555,209,0,0,0,4815,226,4589,0,0,0,1985,441,1544
MA,2009,15482,14476,1006,7057,6174,883,8425,8302,123,3035,2984,51,0,0,0,1937,1490,447,0,0,0,1890,1709,181
MD,2009,11698,7446,4252,6641,4623,2018,5057,2823,2234,1675,929,746,0,0,0,2062,1243,819,0,0,0,932,698,234
ME,2009,2444,2406,38,1124,1092,32,1320,1314,6,445,443,2,0,0,0,186,178,8,0,0,0,123,119,4
MI,2009,14005,11298,2707,7857,6019,1838,6148,5279,869,2012,1723,289,0,0,0,1649,1171,478,0,0,0,1054,877,177
MN,2009,7718,6772,946,3393,2668,725,4325,4104,221,1362,1298,64,0,0,0,1449,1129,320,0,0,0,525,441,84
MO,2009,6959,5469,1490,3823,2933,890,3136,2536,600,1031,852,179,0,0,0,892,691,201,0,0,0,699,569,130
MP,2009,0,0,0,0,0,0,0,0,0,0,0,0,0,0,0,0,0,0,0,0,0,0,0,0
MS,2009,2797,1221,1576,1843,655,1188,954,566,388,301,173,128,0,0,0,522,152,370,0,0,0,358,197,161
MT,2009,1196,833,363,752,481,271,444,352,92,133,111,22,0,0,0,160,107,53,0,0,0,206,128,78
NC,2009,12918,8473,4445,9159,5576,3583,3759,2897,862,1184,910,274,0,0,0,1490,1107,383,0,0,0,1118,854,264
ND,2009,773,765,8,548,540,8,225,225,0,72,72,0,0,0,0,70,66,4,0,0,0,168,166,2
NE,2009,3718,3079,639,2072,1747,325,1646,1332,314,530,433,97,0,0,0,495,413,82,0,0,0,298,263,35
NH,2009,1645,1406,239,891,670,221,754,736,18,259,253,6,0,0,0,330,285,45,0,0,0,167,150,17
NJ,2009,13169,11871,1298,5962,5005,957,7207,6866,341,2498,2374,124,0,0,0,934,704,230,0,0,0,618,542,76
NM,2009,3475,2108,1367,2343,1102,1241,1132,1006,126,304,252,52,0,0,0,779,341,438,0,0,0,408,226,182
NV,2009,11089,7792,3297,9394,6143,3251,1695,1649,46,438,424,14,0,0,0,1297,196,1101,0,0,0,1936,1329,607
NY,2009,61067,57454,3613,24557,21005,3552,36510,36449,61,11402,11377,25,0,0,0,4280,2272,2008,0,0,0,5879,5047,832
OH,2009,12700,10929,1771,7774,6430,1344,4926,4499,427,1648,1520,128,0,0,0,2303,1838,465,0,0,0,1390,1185,205
OK,2009,4838,3307,1531,3227,2185,1042,1611,1122,489,545,392,153,0,0,0,654,538,116,0,0,0,475,416,59
OR,2009,17309,7442,9867,10443,3992,6451,6866,3450,3416,2233,1138,1095,0,0,0,2842,919,1923,0,0,0,1277,672,605
PA,2009,15096,13819,1277,7384,6191,1193,7712,7628,84,2497,2466,31,0,0,0,1798,1027,771,0,0,0,1440,1282,158
PR,2009,4070,1325,2745,3730,1133,2597,340,192,148,109,58,51,0,0,0,2195,661,1534,0,0,0,97,24,73
RI,2009,1607,1556,51,1139,1088,51,468,468,0,202,202,0,0,0,0,220,190,30,0,0,0,120,113,7
SC,2009,4473,3036,1437,3194,1945,1249,1279,1091,188,474,403,71,0,0,0,674,392,282,0,0,0,629,439,190
SD,2009,731,667,64,445,381,64,286,286,0,87,87,0,0,0,0,109,45,64,0,0,0,160,138,22
TN,2009,10532,7133,3399,8048,5520,2528,2484,1613,871,967,587,380,0,0,0,2632,1498,1134,0,0,0,1142,839,303
TX,2009,36761,21658,15103,22564,12943,9621,14197,8715,5482,5282,2936,2346,0,0,0,6020,2741,3279,0,0,0,5491,2735,2756
UT,2009,3795,3540,255,2242,1987,255,1553,1553,0,537,537,0,0,0,0,700,445,255,0,0,0,166,110,56
VA,2009,8852,7284,1568,5066,3863,1203,3786,3421,365,1247,1117,130,0,0,0,1621,1034,587,0,0,0,960,782,178
VI,2009,471,76,395,430,35,395,41,41,0,18,18,0,0,0,0,369,4,365,0,0,0,32,0,32
VT,2009,1214,1057,157,693,571,122,521,486,35,193,178,15,0,0,0,134,79,55,0,0,0,61,52,9
WA,2009,22782,16237,6545,12086,6639,5447,10696,9598,1098,3465,3071,394,0,0,0,2609,1608,1001,0,0,0,1963,1168,795
WI,2009,6525,5465,1060,3161,2733,428,3364,2732,632,1108,883,225,0,0,0,716,612,104,0,0,0,608,575,33
WV,2009,1667,1278,389,1101,848,253,566,430,136,177,138,39,0,0,0,337,239,98,0,0,0,271,177,94
WY,2009,515,451,64,340,282,58,175,169,6,72,70,2,0,0,0,79,30,49,0,0,0,117,95,22
